1  1  0  0  1  1
2  1  0  1  1  1
3  1  0  2  1  1
4  1  2053  1  1  1
5  1  7038  1  1  1
6  1  530  1  1  1
7  1  0  2  1  1
8  1  0  2  1  1
9  1  1402  1  1  1
10  1  129  1  1  1
11  1  0  2  1  1
12  1  4381  1  1  1
13  1  4444  1  1  1
14  1  3085  1  1  1
15  1  0  2  1  1
16  1  0  2  1  1
17  1  0  2  1  1
18  1  0  3  1  1
19  1  0  3  1  1
20  1  0  4  1  1
21  1  0  3  1  2
22  1  0  4  1  2
23  1  0  4  1  2
24  1  0  4  1  2
25  1  0  4  1  2
26  1  0  4  1  2
27  1  0  4  1  2
28  1  0  3  1  2
29  1  0  4  1  2
30  1  0  4  1  2
31  1  0  4  1  2
32  1  0  4  1  2
33  1  0  4  1  2
34  1  0  4  1  2
35  1  0  4  1  2
36  1  0  4  1  1
37  1  0  3  1  1
38  1  0  3  1  1
39  1  0  2  1  1
40  1  1175  1  1  1
41  1  1995  1  1  1
42  1  2069  1  1  1
43  1  1981  1  1  1
44  1  2193  1  1  1
45  1  992  1  1  1
46  1  1621  1  1  1
47  1  3035  1  1  1
48  1  4169  1  1  1
49  1  38  1  1  1
50  1  1294  1  1  1
51  1  435  1  1  1
52  1  325  1  1  1
53  1  2352  1  1  1
54  1  6493  1  1  1
55  1  1886  1  1  1
56  1  9877  1  1  1
57  1  3195  1  1  1
58  1  0  2  1  1
59  1  0  2  1  1
60  1  0  2  1  1
61  1  92  1  1  1
62  1  0  2  1  1
63  1  0  2  1  1
64  1  0  2  1  1
65  1  0  3  1  1
66  1  0  4  1  2
67  1  0  4  1  2
68  2  0  4  1  2
69  2  0  4  1  2
70  2  0  5  1  2
71  2  0  5  1  3
72  2  0  5  1  3
73  2  0  5  1  2
74  2  0  4  1  2
75  2  0  5  1  2
76  2  0  5  1  2
77  2  0  4  1  3
78  2  0  5  1  3
79  2  0  5  1  3
80  2  0  5  1  3
81  2  0  5  1  3
82  2  0  5  1  2
83  2  0  5  1  2
84  2  0  5  1  2
85  2  0  4  1  3
86  2  0  5  1  3
87  2  0  5  1  3
88  2  0  4  1  3
89  2  0  5  1  2
90  2  0  5  1  3
91  2  0  5  1  3
92  2  0  5  1  3
93  2  0  5  1  2
94  2  0  4  1  2
95  2  0  5  1  2
96  2  0  4  1  2
97  2  0  4  1  2
98  2  0  4  1  2
99  1  0  4  1  2
100  1  0  5  1  2
101  1  0  5  1  2
102  1  0  5  1  2
103  1  0  5  1  2
104  1  0  5  1  2
105  1  0  5  1  2
106  1  0  5  1  2
107  1  0  5  1  2
108  1  0  5  1  2
109  1  0  5  1  2
110  1  0  5  1  2
111  1  0  5  1  2
112  1  0  5  1  2
113  1  0  5  1  2
114  1  0  5  1  2
115  1  0  5  1  2
116  1  0  5  1  2
117  1  0  5  1  2
