1  1  0  0
2  1  0  1
3  1  0  2
4  1  0  2
5  1  5082  1
6  1  187  1
7  1  0  2
8  1  0  2
9  1  0  2
10  1  0  2
11  1  0  2
12  1  1149  1
13  1  851  1
14  1  2167  1
15  1  0  2
16  1  0  2
17  1  0  3
18  1  0  4
19  1  0  4
20  1  0  4
21  1  0  4
22  1  0  4
24  2  0  5
25  2  0  4
26  2  0  5
27  2  0  5
28  2  0  5
29  2  0  4
30  2  0  4
31  2  0  4
32  2  0  5
33  2  0  5
34  2  0  4
35  2  0  4
36  2  0  4
37  2  0  4
38  1  0  4
39  1  0  4
40  1  0  4
41  1  0  3
42  1  0  3
43  1  0  3
44  1  0  3
45  1  0  3
46  1  0  3
47  1  0  3
48  1  0  3
49  1  0  2
50  1  0  2
51  1  0  2
52  1  0  3
53  1  0  3
54  1  0  2
55  1  1684  1
56  1  1662  1
57  1  4505  1
58  1  816  1
59  1  0  2
60  1  0  2
61  1  0  2
62  1  0  2
63  1  0  3
64  1  0  3
65  1  0  3
66  1  0  4
67  1  0  4
68  2  0  4
69  2  0  4
71  3  0  4
72  3  0  5
73  3  0  5
74  3  0  5
75  3  0  5
76  3  0  5
77  3  0  6
78  3  0  6
79  3  0  5
80  3  0  6
81  3  0  6
82  3  0  6
83  3  0  6
84  3  0  6
85  3  0  6
86  3  0  5
87  3  0  6
88  3  0  6
89  3  0  6
90  3  0  6
91  3  0  6
92  3  0  7
93  3  0  7
94  3  0  7
95  3  0  7
96  3  0  7
97  3  0  7
98  3  0  7
99  3  0  6
100  3  0  5
101  3  0  4
102  1  0  5
103  1  0  5
104  1  0  5
105  1  0  5
106  2  0  5
107  2  0  4
108  2  0  3
109  2  0  4
110  2  0  3