1  1  0  0
2  1  0  1
3  1  0  2
4  1  225  1
5  1  4209  1
6  1  0  2
7  1  0  2
8  1  0  2
9  1  0  2
10  1  0  2
11  1  0  2
12  1  0  2
13  1  1830  1
14  1  1161  1
15  1  0  2
16  1  0  2
17  1  0  3
18  1  0  4
19  1  0  4
20  1  0  4
21  1  0  5
22  1  0  5
23  3  0  5
24  3  0  4
25  2  0  5
26  1  0  5
27  1  0  6
28  2  0  6
29  2  0  6
30  2  0  6
31  2  0  6
32  2  0  6
33  2  0  6
34  2  0  6
35  2  0  6
36  2  0  6
37  2  0  7
38  2  0  5
39  1  0  5
40  1  0  5
41  1  0  5
42  1  0  5
43  1  0  5
44  1  0  4
45  1  0  5
46  1  0  5
47  1  0  5
48  1  0  4
49  1  0  4
50  1  0  4
51  1  0  4
52  1  0  4
53  1  0  4
54  1  0  3
55  1  0  2
56  1  1798  1
57  1  1172  1
58  1  0  2
59  1  0  2
60  1  0  2
61  1  0  2
62  1  0  2
63  1  0  3
64  1  0  3
65  1  0  4
66  3  0  4
67  3  0  4
68  3  0  4
69  3  0  4
70  3  0  5
71  3  0  5
72  3  0  6
73  2  0  6
74  3  0  6
75  3  0  6
76  3  0  6
77  3  0  6
78  3  0  7
79  3  0  7
80  3  0  7
81  3  0  7
82  3  0  7
83  3  0  7
84  3  0  7
85  3  0  7
86  3  0  7
87  3  0  7
88  3  0  8
89  3  0  8
90  3  0  8
91  3  0  8
92  3  0  8
93  3  0  8
94  3  0  8
95  3  0  9
96  3  0  9
97  3  0  9
98  3  0  9
99  3  0  8
100  3  0  8
101  2  0  8
102  2  0  8
103  2  0  8
104  2  0  8
105  2  0  8
106  2  0  7
107  2  0  7
108  2  0  7